0000000000000000000000000000000000000000
1111111011100000000000000000000000000000
1111111100110100000000000000000000000000
1111111100101100000000000000000000000000
1111111101010100000000000000000000000000
1111111101011100000000000000000000000000
1111111111110101000010000010000000000000
1111111100111000000000000000000000000000
1111111110000000000000000000000000000000
0000000000000000000000000000000000000000
0000000000000000000000000000000000000000
1111111011101000000011000000000000000000
1111111000110000000000001110001000000000
0000000000000000000000000000000000000000
0000000000000000000000000000000000000000
0000000000000000000000000000000000000000
0000000000000000000000000000000000000000
0000000000000000000000000000000000000000
0000000000000000000000000000000000000000
1111111111101000000001110010000000001000
0000000000000000000001101010000000000000
1111111111100000000000001100000000000000
1111111110000000000001110000000000000000
0000000000000000000000000000000000000000
1111111100000000000000000000000000000000
1111111011000000001000100000000000100111
0000000000000000000000000000000000000000
1111111011101000000111100000000000000000
1111111111101000000000010010000000000000
1111111111011000000000010000001100000000
0000000000000111110001100000000000000000
1111111100001000000000000000000000000000
1111111111110100000000000010000000000000
1111111111011000000001110000001000000000
1111110110100101000010000010000000000000
0000000000000000000000001110001000000000
1111110110101101000010000010000000000000
0000000000001000000000001110001000000000
1111110100100101000010000010000000000000
0000000000010000000000001110001000000000
1111110100101101000010000010000000000000
0000000000011000000000001110001000000000
0000000000000000000010000010000000000000
0000000000100000000000001110001000000000
0000000000001000000010000010000000000000
0000000000101000000000001110001000000000
0000000000000000000010010010000000000000
0000000001000000000000001110001000000000
0000000000001000000010010010000000000000
0000000011101000000000001110001000000000
0000000001101000000011010010000000000000
0000000001100000000011100010001000000000
0000000001010000000011010011010000000000
0000000001001000000011100010001000000000
0000000001000000000010100010001000000000
0000000000111000000010110010001000000000
0000000000110000000011000010001000000000
0000000001011000000000001110001000000000
0000000001110000000000001111001000000000
0000000010011000000100100010000000000000
0000000010010000000100110010001000000000
0000000010000000000100100011010000000000
0000000001111000000100110010001000000000
0000000001011000000011110010001000000000
0000000001010000000100000010001000000000
0000000001001000000100010010001000000000
0000000010001000000000001110001000000000
0000000010100000000000001111001000000000
0000000011001000000101110010000000000000
0000000011000000000110000010001000000000
0000000010110000000101110011010000000000
0000000010101000000110000010001000000000
0000000010001000000101000010001000000000
0000000010000000000101010010001000000000
0000000001111000000101100010001000000000
0000000010111000000000001110001000000000
0000000011010000000000001111001000000000
0000000100010000000011010010000000000000
0000000100001000000011100010001000000000
0000000011111000000011010011010000000000
0000000011110000000011100010001000000000
0000000011101000000010100010001000000000
0000000011100000000010110010001000000000
0000000011011000000011000010001000000000
0000000100000000000000001110001000000000
0000000100011000000000001111001000000000
0000000101000000000100100010000000000000
0000000100111000000100110010001000000000
0000000100101000000100100011010000000000
0000000100100000000100110010001000000000
0000000100000000000011110010001000000000
0000000011111000000100000010001000000000
0000000011110000000100010010001000000000
0000000100110000000000001110001000000000
0000000101001000000000001111001000000000
0000000101110000000101110010000000000000
0000000101101000000110000010001000000000
0000000101011000000101110011010000000000
0000000101010000000110000010001000000000
0000000100110000000101000010001000000000
0000000100101000000101010010001000000000
0000000100100000000101100010001000000000
0000000101100000000000001110001000000000
0000000101111000000000001111001000000000
1111111111101000000110010010000000000000
0000000110010101000010000010001001000000
0000000110110000000000001110001000000000
0000000110100101000010000010000000000000
0000000110010101000010000011010000000000
0000000110110000000110100010001000000000
0000000110011000000000001110001000000000
0000000110011000000000001100000000000000
0000000110101000000000001111001000000000
0000000000010111111111110010000000000000
0000000110000000000000001110001000000000
0000000000011111111111110010000000000000
0000000110001000000000001110001000000000
1111111111101000000110110010000000000000
0000000111001101000010000010001001000000
0000000111101000000000001110001000000000
0000000111011101000010000010000000000000
0000000111001101000010000011010000000000
0000000111101000000111000010001000000000
0000000111010000000000001110001000000000
0000000111010000000000001100000000000000
0000000111100000000000001111001000000000
0000000010111111111111110010000000000000
0000000110111000000000001110001000000000
0000000101100111111111110010000000000000
0000000111000000000000001110001000000000
0000000110000101000010000010000000000000
1111110110110000000000001110001000000000
0000000110001101000010000010000000000000
1111110110111000000000001110001000000000
1111111110000000001001010000000000000000
0000000110111101000010000010000000000000
0000001000010000000000001110001000000000
0000000111000101000010000010000000000000
0000001001011000000000001110001000000000
1111111011110000000000000000000000000000
1111111100000000000000000000000000000000
1111111101000000001000100000000000000000
1111111101101000001001000000000000000000
1111111011010000110001000000000000000000
0000000000000000000000000000000000000000
0000000111110000000000001110001000000000
1111111101000000001000110000000000000000
1111111101101000001001000000000000000000
1111111011010000110001000000000000000000
0000000000000000000000000000000000000000
0000000111111000000000001110001000000000
0000000000100000001001100010000000000000
0000000111110000001001100010001000000000
0000001010010000000000001110001000000000
0000000000101000001001110010000000000000
0000000111111000001001110010001000000000
0000001010011000000000001110001000000000
1111111111101000001010000010000000000000
0000001010110101000010000010001001000000
0000001011010000000000001110001000000000
0000001011000101000010000010000000000000
0000001010110101000010000011010000000000
0000001011010000001010010010001000000000
0000001010111000000000001110001000000000
0000001010111000000000001100000000000000
0000001011001000000000001111001000000000
0000001010010111111111110010000000000000
0000001010100000000000001110001000000000
0000001010011111111111110010000000000000
0000001010101000000000001110001000000000
1111111110000000001111000000000000000000
0000001010100101000010000010000000000000
0000001011111000000000001110001000000000
0000001010101101000010000010000000000000
0000001110100000000000001110001000000000
1111111011110000000000000000000000000000
1111111100000000000000000000000000000000
1111111101000000001110010000000000000000
1111111101101000001110110000000000000000
1111111011010000110001000000000000000000
0000000000000000000000000000000000000000
0000001011011000000000001110001000000000
1111111101000000001110100000000000000000
1111111101101000001110110000000000000000
1111111011010000110001000000000000000000
0000000000000000000000000000000000000000
0000001011100000000000001110001000000000
0000001011011101000010000010000000000000
1111110101100000000000001110001000000000
0000001011100101000010000010000000000000
1111110101101000000000001110001000000000
0000000000000000000000000000000000000000
1111111000110000000000000000000000000000
0000000000000000000000000000000000000000
1111111011000000000011110000000000000000
0000000000000000000000000000000000000000
1111111001011000000000000000000000000000
0000000000000111110010110000000000000000
1111111011101000110011110000000000000000
1111111000110111110001100010000000000000
1111111000001111110000010010001000000000
1111111000110111110001100011010000000000
1111111000110111110001100010001000000000
1111111001001111110001100010001000000000
1111111000110111110001100010001000000000
1111111000011111110010010010001000000000
1111111001000000000000001111001000000000
1111111000110000000000001110001000000000
1111111011111000000000000000000000000000
1111111100001000000000000000000000000000
1111111011011000000000000000000000000000
0000000000000000000000000000000000000000
